0 0 0 0 -1 1 5 6 7 8 9 
0 0 0 0 1 1 0 1 2 3 4 
0 0 0 2 -25 35 2 8 10 11 12 
0 0 1 0 -6 24 1 5 10 11 13 
0 0 2 3 -27 63 2 4 5 10 11 
0 0 3 2 -18 72 1 4 5 10 11 
0 0 5 18 -225 315 2 5 8 10 11 
0 1 0 1 0 30 2 3 6 10 12 
0 1 0 6 -75 105 2 6 8 10 12 
0 2 0 0 25 35 3 6 10 12 13 
0 3 2 3 0 90 2 3 4 6 10 
0 3 5 0 -30 120 1 5 6 10 13 
0 3 5 18 -225 315 2 5 6 8 10 
0 6 1 0 75 105 1 3 6 10 13 
0 6 10 15 -135 315 2 4 5 6 10 
0 8 3 2 75 165 1 3 4 6 10 
0 9 15 10 -90 360 1 4 5 6 10 
1 0 0 0 6 24 0 7 11 12 13 
1 0 0 1 0 30 2 7 8 11 12 
2 0 3 2 -15 75 1 4 7 8 11 
2 3 0 0 27 63 0 6 9 12 13 
2 3 0 3 0 90 2 3 6 9 12 
2 3 0 8 -75 165 2 6 8 9 12 
2 3 2 3 0 90 2 3 4 6 9 
2 3 5 0 -30 120 1 5 6 9 13 
2 3 5 8 -75 165 2 5 6 8 9 
3 0 2 3 0 90 2 4 7 8 11 
3 0 5 0 -30 120 1 5 7 11 13 
3 0 5 3 -30 120 1 5 7 8 11 
3 2 0 0 18 72 0 7 9 12 13 
3 2 0 2 15 75 2 3 7 9 12 
3 2 0 3 0 90 2 7 8 9 12 
3 2 2 3 0 90 2 4 7 8 9 
3 2 5 0 -30 120 1 5 7 9 13 
3 2 5 3 -30 120 1 5 7 8 9 
4 6 10 15 -135 315 2 4 5 6 9 
5 0 0 3 30 120 0 2 7 11 12 
5 0 2 3 30 120 0 2 4 7 11 
5 0 3 0 30 120 0 1 7 11 13 
5 0 3 2 30 120 0 1 4 7 11 
5 3 0 3 30 120 0 2 3 7 12 
5 3 2 3 30 120 0 2 3 4 7 
5 8 3 2 75 165 0 1 3 4 6 
5 18 0 0 225 315 0 3 6 12 13 
5 18 3 0 225 315 0 1 3 6 13 
6 4 9 6 -45 225 1 4 7 8 9 
6 9 15 10 -90 360 1 4 5 6 9 
9 6 4 6 45 225 2 3 4 7 9 
10 15 6 0 135 315 0 1 6 9 13 
10 15 6 4 135 315 0 1 4 6 9 
15 10 9 0 90 360 0 1 7 9 13 
15 10 9 6 90 360 0 1 4 7 9 
21 0 50 75 -675 1575 2 4 5 8 11 
21 29 50 75 -675 1575 2 4 5 8 9 
44 0 75 50 -450 1800 1 4 5 8 11 
44 31 75 50 -450 1800 1 4 5 8 9 
50 75 0 21 675 1575 0 3 6 9 12 
50 75 29 21 675 1575 0 3 4 6 9 
75 50 0 44 450 1800 0 3 7 9 12 
75 50 31 44 450 1800 0 3 4 7 9 
