-75 -50 -31 -44 450 1800 1 9 13 19 27 
-75 -50 -31 44 450 1800 1 8 12 19 27 
-75 -50 31 -44 450 1800 1 9 11 19 27 
-75 -50 31 44 450 1800 1 8 10 19 27 
-75 50 -31 -44 450 1800 1 7 13 19 26 
-75 50 -31 44 450 1800 1 6 12 19 26 
-75 50 31 -44 450 1800 1 7 11 19 26 
-75 50 31 44 450 1800 1 6 10 19 26 
-50 -75 -29 -21 675 1575 1 9 13 17 27 
-50 -75 -29 21 675 1575 1 8 12 17 27 
-50 -75 29 -21 675 1575 1 9 11 17 27 
-50 -75 29 21 675 1575 1 8 10 17 27 
-50 75 -29 -21 675 1575 1 7 13 16 26 
-50 75 -29 21 675 1575 1 6 12 16 26 
-50 75 29 -21 675 1575 1 7 11 16 26 
-50 75 29 21 675 1575 1 6 10 16 26 
-44 -31 -75 -50 -450 1800 3 13 15 23 27 
-44 -31 -75 50 -450 1800 3 12 15 22 27 
-44 -31 75 -50 -450 1800 2 11 14 23 27 
-44 -31 75 50 -450 1800 2 10 14 22 27 
-44 31 -75 -50 -450 1800 3 13 15 23 26 
-44 31 -75 50 -450 1800 3 12 15 22 26 
-44 31 75 -50 -450 1800 2 11 14 23 26 
-44 31 75 50 -450 1800 2 10 14 22 26 
-21 -29 -50 -75 -675 1575 5 13 15 23 27 
-21 -29 -50 75 -675 1575 4 12 15 22 27 
-21 -29 50 -75 -675 1575 5 11 14 23 27 
-21 -29 50 75 -675 1575 4 10 14 22 27 
-21 29 -50 -75 -675 1575 5 13 15 23 26 
-21 29 -50 75 -675 1575 4 12 15 22 26 
-21 29 50 -75 -675 1575 5 11 14 23 26 
-21 29 50 75 -675 1575 4 10 14 22 26 
-15 -10 -9 -6 90 360 1 3 13 19 27 
-15 -10 -9 6 90 360 1 3 12 19 27 
-15 -10 9 -6 90 360 1 2 11 19 27 
-15 -10 9 6 90 360 1 2 10 19 27 
-15 10 -9 -6 90 360 1 3 13 19 26 
-15 10 -9 6 90 360 1 3 12 19 26 
-15 10 9 -6 90 360 1 2 11 19 26 
-15 10 9 6 90 360 1 2 10 19 26 
-10 -15 -6 -4 135 315 1 3 13 17 27 
-10 -15 -6 4 135 315 1 3 12 17 27 
-10 -15 6 -4 135 315 1 2 11 17 27 
-10 -15 6 4 135 315 1 2 10 17 27 
-10 15 -6 -4 135 315 1 3 13 16 26 
-10 15 -6 4 135 315 1 3 12 16 26 
-10 15 6 -4 135 315 1 2 11 16 26 
-10 15 6 4 135 315 1 2 10 16 26 
-9 -6 -4 -6 45 225 5 9 13 19 27 
-9 -6 -4 6 45 225 4 8 12 19 27 
-9 -6 4 -6 45 225 5 9 11 19 27 
-9 -6 4 6 45 225 4 8 10 19 27 
-9 6 -4 -6 45 225 5 7 13 19 26 
-9 6 -4 6 45 225 4 6 12 19 26 
-9 6 4 -6 45 225 5 7 11 19 26 
-9 6 4 6 45 225 4 6 10 19 26 
-6 -9 -15 -10 -90 360 3 13 15 17 27 
-6 -9 -15 10 -90 360 3 12 15 17 27 
-6 -9 15 -10 -90 360 2 11 14 17 27 
-6 -9 15 10 -90 360 2 10 14 17 27 
-6 -4 -9 -6 -45 225 3 13 19 23 27 
-6 -4 -9 6 -45 225 3 12 19 22 27 
-6 -4 9 -6 -45 225 2 11 19 23 27 
-6 -4 9 6 -45 225 2 10 19 22 27 
-6 4 -9 -6 -45 225 3 13 19 23 26 
-6 4 -9 6 -45 225 3 12 19 22 26 
-6 4 9 -6 -45 225 2 11 19 23 26 
-6 4 9 6 -45 225 2 10 19 22 26 
-6 9 -15 -10 -90 360 3 13 15 16 26 
-6 9 -15 10 -90 360 3 12 15 16 26 
-6 9 15 -10 -90 360 2 11 14 16 26 
-6 9 15 10 -90 360 2 10 14 16 26 
-5 -18 -3 0 225 315 1 3 8 9 17 
-5 -18 3 0 225 315 1 2 8 9 17 
-5 -8 -3 -2 75 165 1 3 9 13 17 
-5 -8 -3 2 75 165 1 3 8 12 17 
-5 -8 3 -2 75 165 1 2 9 11 17 
-5 -8 3 2 75 165 1 2 8 10 17 
-5 -3 -2 -3 30 120 1 5 9 13 19 
-5 -3 -2 3 30 120 1 4 8 12 19 
-5 -3 2 -3 30 120 1 5 9 11 19 
-5 -3 2 3 30 120 1 4 8 10 19 
-5 3 -2 -3 30 120 1 5 7 13 19 
-5 3 -2 3 30 120 1 4 6 12 19 
-5 3 2 -3 30 120 1 5 7 11 19 
-5 3 2 3 30 120 1 4 6 10 19 
-5 8 -3 -2 75 165 1 3 7 13 16 
-5 8 -3 2 75 165 1 3 6 12 16 
-5 8 3 -2 75 165 1 2 7 11 16 
-5 8 3 2 75 165 1 2 6 10 16 
-5 18 -3 0 225 315 1 3 6 7 16 
-5 18 3 0 225 315 1 2 6 7 16 
-4 -6 -10 -15 -135 315 5 13 15 17 27 
-4 -6 -10 15 -135 315 4 12 15 17 27 
-4 -6 10 -15 -135 315 5 11 14 17 27 
-4 -6 10 15 -135 315 4 10 14 17 27 
-4 6 -10 -15 -135 315 5 13 15 16 26 
-4 6 -10 15 -135 315 4 12 15 16 26 
-4 6 10 -15 -135 315 5 11 14 16 26 
-4 6 10 15 -135 315 4 10 14 16 26 
-3 -2 -5 -3 -30 120 3 15 19 23 27 
-3 -2 -5 3 -30 120 3 15 19 22 27 
-3 -2 -2 -3 0 90 5 13 19 23 27 
-3 -2 -2 3 0 90 4 12 19 22 27 
-3 -2 2 -3 0 90 5 11 19 23 27 
-3 -2 2 3 0 90 4 10 19 22 27 
-3 -2 5 -3 -30 120 2 14 19 23 27 
-3 -2 5 3 -30 120 2 14 19 22 27 
-3 2 -5 -3 -30 120 3 15 19 23 26 
-3 2 -5 3 -30 120 3 15 19 22 26 
-3 2 -2 -3 0 90 5 13 19 23 26 
-3 2 -2 3 0 90 4 12 19 22 26 
-3 2 2 -3 0 90 5 11 19 23 26 
-3 2 2 3 0 90 4 10 19 22 26 
-3 2 5 -3 -30 120 2 14 19 23 26 
-3 2 5 3 -30 120 2 14 19 22 26 
-2 -3 -5 -8 -75 165 5 15 17 23 27 
-2 -3 -5 8 -75 165 4 15 17 22 27 
-2 -3 -2 -3 0 90 5 9 13 17 27 
-2 -3 -2 3 0 90 4 8 12 17 27 
-2 -3 2 -3 0 90 5 9 11 17 27 
-2 -3 2 3 0 90 4 8 10 17 27 
-2 -3 5 -8 -75 165 5 14 17 23 27 
-2 -3 5 8 -75 165 4 14 17 22 27 
-2 3 -5 -8 -75 165 5 15 16 23 26 
-2 3 -5 8 -75 165 4 15 16 22 26 
-2 3 -2 -3 0 90 5 7 13 16 26 
-2 3 -2 3 0 90 4 6 12 16 26 
-2 3 2 -3 0 90 5 7 11 16 26 
-2 3 2 3 0 90 4 6 10 16 26 
-2 3 5 -8 -75 165 5 14 16 23 26 
-2 3 5 8 -75 165 4 14 16 22 26 
0 -3 -5 -18 -225 315 5 15 17 21 23 
0 -3 -5 18 -225 315 4 15 17 20 22 
0 -3 5 -18 -225 315 5 14 17 21 23 
0 -3 5 18 -225 315 4 14 17 20 22 
0 0 0 0 -1 1 14 15 16 18 20 
0 0 0 0 1 1 0 1 2 4 6 
0 3 -5 -18 -225 315 5 15 16 21 23 
0 3 -5 18 -225 315 4 15 16 20 22 
0 3 5 -18 -225 315 5 14 16 21 23 
0 3 5 18 -225 315 4 14 16 20 22 
2 -3 -5 -8 -75 165 5 15 17 21 25 
2 -3 -5 8 -75 165 4 15 17 20 25 
2 -3 -2 -3 0 90 5 9 13 17 25 
2 -3 -2 3 0 90 4 8 12 17 25 
2 -3 2 -3 0 90 5 9 11 17 25 
2 -3 2 3 0 90 4 8 10 17 25 
2 -3 5 -8 -75 165 5 14 17 21 25 
2 -3 5 8 -75 165 4 14 17 20 25 
2 3 -5 -8 -75 165 5 15 16 21 24 
2 3 -5 8 -75 165 4 15 16 20 24 
2 3 -2 -3 0 90 5 7 13 16 24 
2 3 -2 3 0 90 4 6 12 16 24 
2 3 2 -3 0 90 5 7 11 16 24 
2 3 2 3 0 90 4 6 10 16 24 
2 3 5 -8 -75 165 5 14 16 21 24 
2 3 5 8 -75 165 4 14 16 20 24 
3 -2 -5 -3 -30 120 3 15 18 21 25 
3 -2 -5 3 -30 120 3 15 18 20 25 
3 -2 -2 -3 0 90 5 13 18 21 25 
3 -2 -2 3 0 90 4 12 18 20 25 
3 -2 2 -3 0 90 5 11 18 21 25 
3 -2 2 3 0 90 4 10 18 20 25 
3 -2 5 -3 -30 120 2 14 18 21 25 
3 -2 5 3 -30 120 2 14 18 20 25 
3 2 -5 -3 -30 120 3 15 18 21 24 
3 2 -5 3 -30 120 3 15 18 20 24 
3 2 -2 -3 0 90 5 13 18 21 24 
3 2 -2 3 0 90 4 12 18 20 24 
3 2 2 -3 0 90 5 11 18 21 24 
3 2 2 3 0 90 4 10 18 20 24 
3 2 5 -3 -30 120 2 14 18 21 24 
3 2 5 3 -30 120 2 14 18 20 24 
4 -6 -10 -15 -135 315 5 13 15 17 25 
4 -6 -10 15 -135 315 4 12 15 17 25 
4 -6 10 -15 -135 315 5 11 14 17 25 
4 -6 10 15 -135 315 4 10 14 17 25 
4 6 -10 -15 -135 315 5 13 15 16 24 
4 6 -10 15 -135 315 4 12 15 16 24 
4 6 10 -15 -135 315 5 11 14 16 24 
4 6 10 15 -135 315 4 10 14 16 24 
5 -18 -3 0 225 315 0 3 8 9 17 
5 -18 3 0 225 315 0 2 8 9 17 
5 -8 -3 -2 75 165 0 3 9 13 17 
5 -8 -3 2 75 165 0 3 8 12 17 
5 -8 3 -2 75 165 0 2 9 11 17 
5 -8 3 2 75 165 0 2 8 10 17 
5 -3 -2 -3 30 120 0 5 9 13 18 
5 -3 -2 3 30 120 0 4 8 12 18 
5 -3 2 -3 30 120 0 5 9 11 18 
5 -3 2 3 30 120 0 4 8 10 18 
5 3 -2 -3 30 120 0 5 7 13 18 
5 3 -2 3 30 120 0 4 6 12 18 
5 3 2 -3 30 120 0 5 7 11 18 
5 3 2 3 30 120 0 4 6 10 18 
5 8 -3 -2 75 165 0 3 7 13 16 
5 8 -3 2 75 165 0 3 6 12 16 
5 8 3 -2 75 165 0 2 7 11 16 
5 8 3 2 75 165 0 2 6 10 16 
5 18 -3 0 225 315 0 3 6 7 16 
5 18 3 0 225 315 0 2 6 7 16 
6 -9 -15 -10 -90 360 3 13 15 17 25 
6 -9 -15 10 -90 360 3 12 15 17 25 
6 -9 15 -10 -90 360 2 11 14 17 25 
6 -9 15 10 -90 360 2 10 14 17 25 
6 -4 -9 -6 -45 225 3 13 18 21 25 
6 -4 -9 6 -45 225 3 12 18 20 25 
6 -4 9 -6 -45 225 2 11 18 21 25 
6 -4 9 6 -45 225 2 10 18 20 25 
6 4 -9 -6 -45 225 3 13 18 21 24 
6 4 -9 6 -45 225 3 12 18 20 24 
6 4 9 -6 -45 225 2 11 18 21 24 
6 4 9 6 -45 225 2 10 18 20 24 
6 9 -15 -10 -90 360 3 13 15 16 24 
6 9 -15 10 -90 360 3 12 15 16 24 
6 9 15 -10 -90 360 2 11 14 16 24 
6 9 15 10 -90 360 2 10 14 16 24 
9 -6 -4 -6 45 225 5 9 13 18 25 
9 -6 -4 6 45 225 4 8 12 18 25 
9 -6 4 -6 45 225 5 9 11 18 25 
9 -6 4 6 45 225 4 8 10 18 25 
9 6 -4 -6 45 225 5 7 13 18 24 
9 6 -4 6 45 225 4 6 12 18 24 
9 6 4 -6 45 225 5 7 11 18 24 
9 6 4 6 45 225 4 6 10 18 24 
10 -15 -6 -4 135 315 0 3 13 17 25 
10 -15 -6 4 135 315 0 3 12 17 25 
10 -15 6 -4 135 315 0 2 11 17 25 
10 -15 6 4 135 315 0 2 10 17 25 
10 15 -6 -4 135 315 0 3 13 16 24 
10 15 -6 4 135 315 0 3 12 16 24 
10 15 6 -4 135 315 0 2 11 16 24 
10 15 6 4 135 315 0 2 10 16 24 
15 -10 -9 -6 90 360 0 3 13 18 25 
15 -10 -9 6 90 360 0 3 12 18 25 
15 -10 9 -6 90 360 0 2 11 18 25 
15 -10 9 6 90 360 0 2 10 18 25 
15 10 -9 -6 90 360 0 3 13 18 24 
15 10 -9 6 90 360 0 3 12 18 24 
15 10 9 -6 90 360 0 2 11 18 24 
15 10 9 6 90 360 0 2 10 18 24 
21 -29 -50 -75 -675 1575 5 13 15 21 25 
21 -29 -50 75 -675 1575 4 12 15 20 25 
21 -29 50 -75 -675 1575 5 11 14 21 25 
21 -29 50 75 -675 1575 4 10 14 20 25 
21 29 -50 -75 -675 1575 5 13 15 21 24 
21 29 -50 75 -675 1575 4 12 15 20 24 
21 29 50 -75 -675 1575 5 11 14 21 24 
21 29 50 75 -675 1575 4 10 14 20 24 
44 -31 -75 -50 -450 1800 3 13 15 21 25 
44 -31 -75 50 -450 1800 3 12 15 20 25 
44 -31 75 -50 -450 1800 2 11 14 21 25 
44 -31 75 50 -450 1800 2 10 14 20 25 
44 31 -75 -50 -450 1800 3 13 15 21 24 
44 31 -75 50 -450 1800 3 12 15 20 24 
44 31 75 -50 -450 1800 2 11 14 21 24 
44 31 75 50 -450 1800 2 10 14 20 24 
50 -75 -29 -21 675 1575 0 9 13 17 25 
50 -75 -29 21 675 1575 0 8 12 17 25 
50 -75 29 -21 675 1575 0 9 11 17 25 
50 -75 29 21 675 1575 0 8 10 17 25 
50 75 -29 -21 675 1575 0 7 13 16 24 
50 75 -29 21 675 1575 0 6 12 16 24 
50 75 29 -21 675 1575 0 7 11 16 24 
50 75 29 21 675 1575 0 6 10 16 24 
75 -50 -31 -44 450 1800 0 9 13 18 25 
75 -50 -31 44 450 1800 0 8 12 18 25 
75 -50 31 -44 450 1800 0 9 11 18 25 
75 -50 31 44 450 1800 0 8 10 18 25 
75 50 -31 -44 450 1800 0 7 13 18 24 
75 50 -31 44 450 1800 0 6 12 18 24 
75 50 31 -44 450 1800 0 7 11 18 24 
75 50 31 44 450 1800 0 6 10 18 24 
